-0.591 -1.302 -0.733 1.570 -0.146 0.620 -0.500 15.000 2.350 9.870 6.110 91.500 89.090 27.500 -0.060 0.000 6.000 154.330 0.892 27.800 0.000 -0.310 15.000 0.300 7.620 50.760 0.984 -1.895 0.000 1.000
-1.343 0.465 -0.862 -1.020 -0.255 0.290 -1.000 47.000 1.710 10.780 5.020 117.700 121.150 44.600 1.360 0.170 5.050 219.790 0.925 15.500 0.000 -0.870 5.000 0.900 10.930 58.740 0.906 -2.035 0.000 1.000
1.050 0.302 -3.656 -0.259 -3.242 -0.900 3.000 59.000 1.880 9.600 2.980 124.500 133.100 40.000 -0.800 1.900 2.770 194.910 0.932 60.600 0.000 0.580 50.000 -0.600 6.180 43.170 1.068 -1.518 -1.000 0.700
1.357 -1.453 1.477 0.113 -0.837 -0.740 3.000 73.000 2.190 9.670 3.080 155.100 147.130 62.000 -0.770 3.000 3.220 223.160 0.933 68.200 0.000 0.680 55.000 -0.700 6.380 43.480 1.094 -1.535 -1.000 0.700
-1.006 -0.590 1.891 -0.397 0.412 1.190 -2.500 91.000 2.580 9.240 5.910 203.400 165.190 115.500 1.270 1.100 5.480 204.740 0.914 25.500 0.000 -0.450 10.000 0.500 8.990 53.450 0.915 -1.864 0.000 1.000
-0.384 1.652 1.330 1.045 2.064 0.480 0.000 1.000 2.340 9.600 6.060 66.400 75.070 0.000 -0.410 0.000 5.970 127.900 0.923 24.500 0.000 -0.330 10.000 0.300 7.310 50.270 1.031 -1.898 0.000 1.500
0.336 -0.417 -1.673 -1.474 -0.078 -0.400 -0.500 82.000 1.780 8.970 7.640 167.300 155.160 79.000 0.490 0.990 7.590 242.540 0.894 50.700 1.000 0.130 34.000 -0.100 7.850 49.330 0.950 -1.755 0.000 1.000
-1.239 -0.547 2.131 0.393 0.816 1.380 -1.800 57.000 2.320 9.760 6.040 168.800 131.170 93.500 1.310 1.200 6.020 233.210 0.872 22.800 0.000 -0.660 13.000 0.700 9.990 57.300 0.927 -1.951 0.000 1.000
1.831 -0.561 0.533 -0.277 1.648 -1.500 3.000 73.000 2.200 8.900 9.470 171.300 146.190 100.000 -1.180 5.700 9.740 300.460 1.057 103.000 1.000 1.790 85.000 -1.800 5.720 42.920 1.102 -1.374 1.000 1.700
-1.019 -0.987 -1.505 1.266 -0.912 1.060 -1.800 57.000 2.360 9.600 6.040 167.900 131.170 93.500 1.210 1.000 5.980 232.300 0.921 7.600 0.000 -0.530 16.000 0.500 9.370 53.890 0.935 -1.966 0.000 1.000
-0.663 -1.524 2.219 -1.005 1.212 0.640 -1.300 75.000 2.280 9.210 5.740 170.800 149.210 94.100 1.270 1.900 5.740 202.650 0.804 33.500 0.000 -0.380 20.000 0.400 9.830 52.750 0.952 -1.963 0.000 1.000
0.945 0.828 1.299 -0.169 0.933 -0.780 0.200 58.000 2.180 9.090 10.760 135.200 132.120 58.700 -0.480 1.300 5.410 207.900 0.930 60.100 0.000 0.490 49.000 -0.500 6.170 45.800 1.048 -1.560 0.000 1.000
0.189 2.081 -1.628 0.421 -1.392 0.120 0.000 42.000 1.990 10.600 6.300 129.300 115.130 41.900 0.000 0.180 6.300 179.930 0.932 51.500 0.000 0.340 45.000 -0.300 6.640 45.390 1.049 -1.699 0.000 0.100
0.931 -0.179 -3.005 -0.503 -1.853 -0.850 0.200 72.000 2.170 9.130 5.650 161.100 146.150 80.700 -0.730 1.900 5.650 235.510 0.885 68.700 0.000 0.700 56.000 -0.700 6.670 46.090 1.037 -1.521 0.000 1.000
1.538 -0.055 1.502 0.440 2.897 -2.530 3.000 101.000 2.180 9.090 10.760 202.000 174.200 105.000 -0.840 10.000 10.760 341.010 0.901 94.700 1.000 1.300 67.000 -1.400 6.810 48.660 1.008 -1.475 1.000 1.700
-0.228 1.399 -4.760 0.670 -2.647 -0.180 0.300 31.000 2.210 9.150 5.680 99.100 105.090 29.300 -0.500 0.730 5.680 174.060 0.923 42.000 0.000 0.100 32.000 -0.100 6.930 47.240 1.046 -1.753 0.000 1.000
-0.032 0.326 2.213 0.908 1.313 -0.050 -0.400 45.000 2.150 9.120 5.600 122.100 119.120 51.300 -0.270 1.500 5.660 205.800 0.934 45.000 0.000 0.210 32.000 -0.200 7.080 49.260 0.997 -1.767 0.000 1.000
-1.337 -0.279 -0.544 1.242 -1.262 1.080 -1.500 43.000 2.290 9.740 6.020 141.700 117.150 71.500 1.090 0.480 5.960 207.600 0.913 23.700 0.000 -0.620 14.000 0.600 10.380 56.120 0.931 -1.981 0.000 1.000
-0.595 0.009 0.672 -2.128 -0.184 0.810 -3.400 130.000 2.380 9.390 5.880 237.600 204.240 145.500 0.880 1.600 5.890 237.010 0.803 34.700 0.000 -0.270 17.000 0.300 8.410 53.590 0.904 -1.869 0.000 1.000
0.260 0.830 3.097 -0.838 1.512 0.260 -2.300 107.000 2.200 9.110 5.630 203.600 181.190 117.300 0.330 1.800 5.660 229.150 0.837 55.200 0.000 0.400 41.000 -0.400 8.530 51.790 0.929 -1.686 0.000 1.000
