0.994 3.730 0.320 0.842 1.050 0.880 0.070 1.390 8.100 0.000 2.870 1.000 9.950 7.390 1.130 0.974 0.843 5.080 1.340 -0.430 -0.250 0.000 0.945 0.090 0.288 -0.010 0.000 0.964 0.350 51.000 1.000 9.360 10.670 -0.140 0.990 0.700 0.135 0.783 0.150 -2.340 0.940 1.280 1.000 0.360 1.065 0.000 9.250 5.040 0.460 0.080 1.800 2.300 -5.000 0.400 -0.110 -1.640 8.500 0.892 -0.310 0.820 0.890 0.000 0.000 1.090 10.040 7.430 2.340 -0.700 0.840 1.100 0.520 0.910 0.010 9.200 1.080 0.305 -0.060
0.939 2.300 0.198 1.032 0.600 1.140 0.710 0.520 2.000 1.000 4.470 1.000 1.300 0.740 1.320 0.972 0.896 2.950 1.070 0.190 0.180 0.000 0.932 4.130 0.533 0.120 0.000 0.778 0.500 74.000 1.090 2.560 14.150 -0.640 2.320 0.400 0.159 0.785 -0.190 5.030 0.600 1.770 1.000 0.700 1.015 0.000 1.070 2.200 0.200 0.370 0.000 0.800 4.400 0.500 -0.184 9.300 11.000 1.035 -0.870 0.000 0.850 0.000 0.170 0.500 8.890 0.420 1.650 -0.410 0.690 1.600 0.940 0.500 -0.310 1.000 1.220 0.339 1.360
1.022 2.230 0.424 1.366 1.390 1.160 3.640 1.640 3.800 1.000 4.740 0.700 4.460 5.140 0.940 0.892 0.906 5.960 3.320 -0.310 0.600 2.150 1.315 2.360 0.271 0.150 0.000 0.916 2.160 19.000 1.390 0.940 10.210 -0.100 1.180 1.400 0.289 0.822 -0.220 -0.480 1.190 1.600 1.700 -1.090 0.836 -1.000 3.890 5.260 -0.330 0.040 0.700 7.400 3.100 0.800 -0.285 0.700 8.500 0.925 0.580 2.640 0.870 1.000 1.900 0.770 5.760 8.710 2.010 -0.930 1.280 0.400 1.060 0.900 0.780 6.000 0.860 0.335 -0.800
1.052 3.000 0.514 0.758 1.110 1.010 3.080 2.070 4.600 1.000 5.970 0.700 2.580 9.800 1.200 1.054 0.900 6.040 2.200 -0.410 -0.120 0.000 1.014 -0.070 0.262 0.070 0.000 1.051 0.650 16.000 1.040 0.940 11.710 -0.390 1.360 0.700 0.184 0.826 0.140 1.300 1.410 1.560 1.700 -0.830 0.736 -1.000 4.800 6.070 0.480 0.360 1.100 10.300 -4.700 1.300 -0.246 1.180 8.800 1.115 0.680 2.620 0.840 1.000 3.000 0.920 5.370 5.860 2.190 -1.130 0.780 0.800 0.590 0.530 0.090 6.000 1.090 0.282 -0.770
0.934 1.940 0.314 0.881 0.950 1.520 -4.920 1.000 5.600 1.000 4.620 1.000 5.410 3.910 1.010 1.122 1.151 4.360 0.800 0.250 -0.290 2.110 0.622 0.450 0.318 0.030 0.000 1.119 0.890 58.000 0.650 10.990 13.270 0.080 1.250 1.200 0.087 0.774 1.180 2.570 1.060 2.940 1.000 1.010 1.368 0.000 6.360 3.720 0.520 0.340 1.900 -1.100 -1.800 0.700 0.438 -1.360 11.200 1.058 -0.450 0.000 0.520 0.000 1.100 0.500 7.980 1.180 1.830 1.290 0.880 0.700 1.040 0.370 -0.200 3.400 0.960 0.195 1.270
1.018 3.360 0.374 1.349 1.260 0.700 2.230 0.650 7.000 0.000 2.060 1.500 8.870 7.530 0.830 0.845 0.978 8.200 2.070 -0.210 0.090 6.490 2.355 0.300 0.312 0.000 0.000 0.835 2.400 52.000 0.460 6.170 10.950 0.460 1.400 0.600 0.051 0.784 0.360 -1.060 1.180 0.000 1.300 -0.820 1.022 0.000 8.510 7.090 0.640 -0.020 0.500 -5.200 5.700 0.000 -0.073 -1.850 7.100 0.917 -0.330 1.630 0.920 1.000 0.000 1.250 7.990 9.400 2.340 -0.120 1.760 0.200 1.640 1.610 0.140 9.400 0.850 0.352 -0.410
0.967 1.550 0.299 1.079 1.430 1.870 2.410 1.360 2.000 1.000 5.230 1.000 1.990 1.820 1.090 0.949 1.050 2.100 1.270 0.210 0.420 0.000 0.525 1.110 0.200 0.080 1.000 1.014 1.190 34.000 0.710 0.470 12.070 -0.040 1.060 1.000 0.223 0.777 -0.250 -3.000 1.150 2.990 1.000 0.160 0.973 0.000 1.880 2.990 -1.310 -0.450 2.400 -2.800 -0.300 1.000 0.320 7.170 10.100 0.992 0.130 0.000 0.830 0.000 0.990 0.670 7.490 1.490 1.820 0.040 0.530 3.400 1.860 1.080 -0.560 2.100 1.020 0.215 0.490
0.977 2.520 0.306 0.459 0.950 1.610 -4.440 0.640 6.700 2.000 4.920 1.000 7.730 6.960 1.050 0.928 0.946 4.950 0.660 0.290 -0.540 0.000 0.673 -1.030 0.411 -0.010 0.000 0.922 0.120 66.000 0.680 13.730 12.950 0.160 0.810 0.700 0.173 0.776 0.020 7.260 1.070 4.190 1.000 2.170 1.189 0.000 6.470 4.320 3.280 0.090 1.300 -4.000 -4.600 0.400 0.001 3.020 16.800 0.817 -0.660 2.320 0.760 0.000 1.200 0.660 8.720 1.760 2.360 1.770 0.550 0.700 0.870 0.360 -0.090 6.000 0.980 0.278 1.310
1.029 3.360 0.446 1.045 0.970 0.830 2.840 0.800 4.400 1.000 6.890 1.700 2.000 7.810 1.080 0.946 0.893 4.930 0.610 0.330 0.140 0.000 0.947 -3.140 0.265 0.000 1.000 0.944 0.830 3.000 1.050 0.580 9.930 0.040 0.910 1.300 0.170 0.834 -0.160 1.560 1.030 1.890 0.700 -0.560 0.478 1.000 3.500 6.310 -1.710 -0.270 1.400 -4.100 1.000 0.400 0.049 -2.360 7.900 0.944 1.790 2.860 0.970 0.000 5.700 1.250 4.400 9.670 2.180 -0.400 0.950 2.000 1.490 1.270 -0.430 6.500 1.010 0.391 -1.180
0.982 3.400 0.340 0.665 0.960 1.090 -4.190 0.910 11.000 1.000 4.920 1.000 9.660 9.450 1.130 1.110 0.885 8.030 0.540 -0.100 -0.550 0.000 0.758 -0.980 0.400 -0.010 0.000 1.085 0.580 60.000 1.010 16.640 13.070 -0.570 1.260 0.500 0.215 0.783 0.060 1.090 0.950 2.590 1.000 1.180 1.192 0.000 10.940 9.880 0.430 0.240 1.200 -2.100 -5.600 0.600 -0.008 0.830 15.000 0.994 -0.530 0.000 0.730 0.000 1.000 0.440 8.790 2.740 2.360 1.020 0.490 0.700 0.840 0.770 -0.810 7.700 1.040 0.262 1.210
0.963 1.370 0.313 0.668 0.990 1.710 -2.490 1.100 2.800 1.000 6.360 1.000 2.450 2.100 1.230 0.923 0.878 2.610 0.700 -0.010 -0.470 0.000 1.028 -0.410 0.375 0.040 0.000 1.032 0.220 52.000 0.360 3.930 15.000 0.240 1.000 0.000 0.239 0.806 0.110 0.620 0.880 2.350 1.000 1.210 1.369 0.000 3.140 1.850 0.150 0.160 2.700 -3.500 -4.800 0.300 -0.041 4.260 13.300 0.782 -0.380 0.000 0.740 0.000 1.900 0.450 9.150 0.600 2.280 0.860 0.520 1.000 0.520 0.760 -0.490 2.400 1.110 0.280 1.270
1.022 2.330 0.384 1.352 0.910 1.020 3.220 0.670 3.700 1.000 4.580 1.000 4.840 3.060 1.060 0.988 0.956 5.750 2.490 0.000 0.610 4.140 1.202 0.840 0.229 0.060 0.000 0.944 2.120 22.000 0.870 2.310 10.850 -0.270 1.150 1.500 0.196 0.799 0.690 2.810 0.790 1.600 1.000 -0.900 0.762 0.000 3.710 5.940 1.310 -0.060 0.600 0.300 4.200 0.900 -0.136 0.830 8.200 1.144 0.490 2.070 0.890 1.000 1.300 1.140 5.630 9.120 2.020 1.280 1.480 1.200 1.640 1.320 -0.110 5.100 1.050 0.322 -0.480
1.050 3.180 0.354 1.385 1.050 0.870 -1.220 0.940 4.700 0.000 4.110 0.100 3.200 4.540 0.820 1.362 1.816 4.840 2.120 0.280 0.890 1.990 0.579 2.230 0.340 0.000 0.000 1.299 0.430 25.000 1.950 1.960 10.620 0.020 0.000 1.500 0.151 0.809 0.110 -0.150 1.180 2.670 13.000 -0.060 1.241 0.000 4.360 6.220 -0.580 0.160 0.300 8.100 2.600 0.900 -0.016 3.120 8.200 1.309 0.340 0.000 0.820 0.000 0.180 2.960 7.790 5.600 1.990 -0.420 1.470 0.000 1.580 1.620 1.140 4.200 0.910 0.346 0.000
1.041 2.360 0.436 0.998 0.870 0.930 2.180 1.600 3.100 1.000 6.110 1.000 2.640 2.220 0.930 1.092 0.968 4.240 1.490 0.140 0.090 0.000 0.704 -1.140 0.327 0.050 0.000 1.047 0.730 16.000 1.130 1.140 11.710 -0.110 1.520 1.100 0.236 0.817 -0.060 0.160 0.940 1.560 1.000 -1.050 0.861 0.000 3.170 4.500 -1.120 0.480 1.000 -0.700 0.400 0.700 -0.067 -0.040 6.300 1.200 0.700 0.000 0.820 0.000 1.900 0.830 5.410 5.420 2.170 -0.710 1.000 2.100 0.700 1.060 -0.130 2.900 0.950 0.306 -0.730
1.026 3.340 0.327 0.936 0.810 0.990 2.880 0.950 4.600 1.000 7.820 1.700 3.050 5.910 1.090 1.129 1.038 4.750 0.950 0.060 0.120 0.000 0.364 -3.440 0.362 0.040 1.000 1.143 0.750 5.000 1.180 0.270 11.050 0.140 1.190 1.100 0.296 0.807 -0.370 1.600 1.150 2.340 0.700 -0.520 1.131 1.000 3.960 3.730 -1.540 -0.010 1.000 -5.200 2.100 0.300 0.079 -3.280 0.000 1.154 1.300 2.600 0.880 0.000 10.000 0.970 6.180 4.510 1.180 -0.910 0.910 1.000 1.240 0.770 -0.130 3.600 0.930 0.227 -0.840
1.025 2.830 0.376 1.257 0.960 1.140 1.960 0.690 7.300 1.000 3.970 1.000 6.030 4.180 1.010 0.932 1.003 6.410 0.940 -0.230 0.240 0.000 1.140 0.570 0.354 0.110 0.000 0.947 1.240 35.000 1.560 5.580 11.180 -0.120 1.500 0.900 0.010 0.811 0.130 1.930 0.690 1.310 1.000 -0.600 1.097 0.000 6.260 8.050 -0.830 -0.350 0.500 -3.500 2.600 0.400 -0.153 1.590 7.400 0.986 0.100 1.230 0.960 0.000 0.730 1.210 7.080 9.600 2.210 0.140 1.290 1.700 0.930 1.340 0.130 5.500 0.950 0.326 -0.500
0.998 2.630 0.339 1.055 1.030 0.960 0.920 0.920 5.600 2.000 4.110 1.000 5.620 4.450 1.170 1.023 1.189 5.870 1.090 -0.260 0.160 1.240 0.863 -1.400 0.388 0.040 0.000 1.017 0.850 30.000 1.230 4.680 10.530 0.000 1.180 2.100 0.100 0.795 0.280 0.190 0.870 3.030 1.000 -1.200 0.822 0.000 5.660 5.200 -1.520 -0.040 0.500 2.300 0.300 0.400 -0.208 2.310 8.800 1.110 0.210 2.480 0.920 0.000 1.500 1.330 7.000 8.950 2.100 -0.130 1.050 1.000 0.860 0.870 -0.020 5.700 1.150 0.251 -0.270
0.938 1.150 0.291 0.881 1.060 1.960 -4.750 1.100 1.800 1.000 7.680 1.000 2.600 0.900 1.320 0.879 0.852 2.310 -4.650 0.150 -0.440 0.000 0.777 0.850 0.231 0.000 0.000 0.895 0.620 49.000 1.100 2.200 11.410 -0.100 1.330 2.700 0.166 0.796 -0.120 3.590 0.910 3.210 1.000 1.310 1.017 0.000 2.220 2.100 1.250 -0.060 1.100 -0.900 3.400 0.600 0.493 2.610 9.900 0.841 -0.270 0.000 0.200 0.000 1.600 0.620 8.070 1.180 2.380 0.260 0.880 0.000 0.160 1.100 -0.200 1.200 1.170 0.291 0.880
0.968 2.530 0.294 0.643 0.620 1.560 -2.690 0.700 7.700 2.000 4.110 1.000 9.460 8.620 1.130 0.923 0.999 6.070 1.320 -0.100 -0.450 0.000 0.561 -1.290 0.495 0.010 0.000 0.955 0.430 64.000 0.580 12.430 13.860 0.290 1.010 1.000 0.285 0.781 -0.080 2.060 0.900 3.670 1.000 1.210 1.140 0.000 7.550 6.190 0.540 0.180 0.400 -4.400 -6.000 0.400 -0.155 0.520 12.000 0.900 -0.620 1.620 0.850 0.000 0.480 0.560 8.880 3.100 2.320 -0.190 0.510 0.700 0.320 0.520 -0.110 8.200 1.030 0.291 1.090
0.981 1.760 0.287 1.101 0.940 1.680 -1.390 0.730 3.300 1.000 4.730 1.000 6.150 3.460 0.880 0.902 0.945 4.550 -0.170 0.090 -0.190 1.900 0.907 0.010 0.429 0.030 0.000 1.000 1.440 24.000 0.870 3.130 11.520 0.180 1.090 0.500 0.066 0.788 0.190 -2.580 1.040 2.940 1.000 1.050 0.836 0.000 3.280 3.320 -2.210 -0.200 1.300 -3.700 2.900 1.200 0.381 2.370 8.800 0.866 0.400 1.900 0.490 0.000 1.800 0.940 6.900 3.260 2.200 1.290 1.280 1.200 0.960 1.240 0.100 3.700 0.800 0.293 0.330





